_viz_0 = nengo_gui.components.HTMLView(inp_ens_disp)
_viz_config[_viz_0].x = 0.634527235902356
_viz_config[_viz_0].y = -0.044234461895569975
_viz_config[_viz_0].width = 0.09416195856873823
_viz_config[_viz_0].height = 0.12135922330097088
_viz_config[_viz_0].label_visible = True
_viz_1 = nengo_gui.components.HTMLView(display_node)
_viz_config[_viz_1].x = 0.05472053441353076
_viz_config[_viz_1].y = -0.045181608397936224
_viz_config[_viz_1].width = 0.09416195856873823
_viz_config[_viz_1].height = 0.12135922330097088
_viz_config[_viz_1].label_visible = True
_viz_2 = nengo_gui.components.Value(output_ensemble)
_viz_config[_viz_2].max_value = 1
_viz_config[_viz_2].min_value = -1
_viz_config[_viz_2].show_legend = True
_viz_config[_viz_2].legend_labels = ['label_0', 'label_1', 'label_2', 'label_3', 'label_4', 'label_5', 'label_6', 'label_7', 'label_8', 'label_9']
_viz_config[_viz_2].synapse = 0.1
_viz_config[_viz_2].x = 0.8144666609875699
_viz_config[_viz_2].y = 0.43740666439724474
_viz_config[_viz_2].width = 0.09416195856873823
_viz_config[_viz_2].height = 0.12135922330097088
_viz_config[_viz_2].label_visible = True
_viz_net_graph = nengo_gui.components.NetGraph()
_viz_progress = nengo_gui.components.Progress()
_viz_config[_viz_progress].x = 0
_viz_config[_viz_progress].y = 0
_viz_config[_viz_progress].width = 100
_viz_config[_viz_progress].height = 100
_viz_config[_viz_progress].label_visible = True
_viz_sim_control = nengo_gui.components.SimControl()
_viz_config[_viz_sim_control].shown_time = 0.5
_viz_config[_viz_sim_control].kept_time = 4.0
_viz_config[display_node].pos=(0.2287780265074797, -0.02720735024574701)
_viz_config[display_node].size=(0.07547169811320754, 0.05128205128205128)
_viz_config[error].pos=(0.6063674803681204, 0.5349436317716808)
_viz_config[error].size=(0.09433962264150943, 0.06410256410256411)
_viz_config[inp_ens_disp].pos=(0.4535941441921614, -0.03475878601087097)
_viz_config[inp_ens_disp].size=(0.07547169811320754, 0.05128205128205128)
_viz_config[input_ensemble].pos=(0.4538251074867637, 0.19107214432756953)
_viz_config[input_ensemble].size=(0.09433962264150943, 0.06410256410256411)
_viz_config[label].pos=(0.37028746046974403, 0.5349436317716793)
_viz_config[label].size=(0.07547169811320754, 0.05128205128205128)
_viz_config[model].pos=(0.03578154425612049, 0.2064046137501895)
_viz_config[model].size=(1.0, 1.0)
_viz_config[model].expanded=True
_viz_config[model].has_layout=True
_viz_config[output_ensemble].pos=(0.7662118466403697, 0.1913406571169508)
_viz_config[output_ensemble].size=(0.09433962264150943, 0.06410256410256411)
_viz_config[vision_input].pos=(0.22998614220232402, 0.19120542784983516)
_viz_config[vision_input].size=(0.07547169811320754, 0.05128205128205128)