_viz_0 = nengo_gui.components.HTMLView(output)
_viz_config[_viz_0].x = 0.5399498954848257
_viz_config[_viz_0].y = 0.19829700704206654
_viz_config[_viz_0].width = 0.14513788098693758
_viz_config[_viz_0].height = 0.16447368421052633
_viz_config[_viz_0].label_visible = True
_viz_1 = nengo_gui.components.HTMLView(display_node)
_viz_config[_viz_1].x = 0.13830930118511905
_viz_config[_viz_1].y = 0.18543542207395128
_viz_config[_viz_1].width = 0.14513788098693758
_viz_config[_viz_1].height = 0.16447368421052633
_viz_config[_viz_1].label_visible = True
_viz_net_graph = nengo_gui.components.NetGraph()
_viz_progress = nengo_gui.components.Progress()
_viz_config[_viz_progress].x = 0
_viz_config[_viz_progress].y = 0
_viz_config[_viz_progress].width = 100
_viz_config[_viz_progress].height = 100
_viz_config[_viz_progress].label_visible = True
_viz_sim_control = nengo_gui.components.SimControl()
_viz_config[_viz_sim_control].shown_time = 0.5
_viz_config[_viz_sim_control].kept_time = 4.0
_viz_config[display_node].pos=(0.1307692617740278, 0.8256546493463783)
_viz_config[display_node].size=(0.07843137254901959, 0.08333333333333333)
_viz_config[input_ensemble].pos=(0.5359941767677343, 0.5108902432095329)
_viz_config[input_ensemble].size=(0.09803921568627451, 0.10416666666666666)
_viz_config[model].pos=(0, 0)
_viz_config[model].size=(1.0, 1.0)
_viz_config[model].expanded=True
_viz_config[model].has_layout=True
_viz_config[output].pos=(0.534668050387276, 0.8344946472390447)
_viz_config[output].size=(0.07843137254901959, 0.08333333333333333)
_viz_config[vision_input].pos=(0.12745098039215685, 0.5104166666666666)
_viz_config[vision_input].size=(0.07843137254901959, 0.08333333333333333)